EURO STOXX 50 Volatility Indices,,,,,,,,,
 ,VSTOXX,Sub-Index 1M,Sub-Index 2M,Sub-Index 3M,Sub-Index 6M,Sub-Index 9M,Sub-Index 12M,Sub-Index 18M,Sub-Index 24M
Date,V2TX,V6I1,V6I2,V6I3,V6I4,V6I5,V6I6,V6I7,V6I8
04.01.1999,18.2033,21.2458,17.5555,31.2179,33.3124,33.7327,33.2232,31.8535,23.8209
05.01.1999,29.6912,36.6400,28.4274,32.6922,33.7326,33.1724,32.8457,32.2904,25.0532
06.01.1999,25.1670,25.4107,25.1351,32.2186,32.6459,31.9673,32.9260,33.2871,26.0107
07.01.1999,32.5205,35.4410,32.2004,36.1265,34.5150,33.1095,33.2843,33.7269,26.2205
08.01.1999,33.2296,35.8846,33.0020,36.0813,36.3964,33.4658,33.4837,33.9227,26.3672
11.01.1999,36.8411,46.9742,36.4643,39.9139,38.0755,34.6165,34.4576,34.6615,26.6732
12.01.1999,37.5664,48.6277,37.2998,40.5525,38.7981,35.0575,37.5290,36.5965,28.0273
13.01.1999,39.7373,55.2934,39.5218,43.0083,40.1301,36.0443,38.3889,37.2219,28.1443
14.01.1999,39.1373,NA,39.9544,41.7597,40.5913,36.3330,38.6781,37.4249,28.1515
15.01.1999,38.6741,NA,39.0602,40.1232,39.2451,35.9745,37.7796,36.7660,28.0793
18.01.1999,38.5439,38.8913,41.5457,19.9845,39.4602,37.3577,38.0549,37.3479,28.5360
19.01.1999,38.7869,38.9344,41.5739,24.2038,39.2582,37.3558,38.0546,37.0269,28.3321
20.01.1999,35.5535,35.5060,38.4053,21.5040,39.1608,36.0004,37.5174,35.5070,27.3772
21.01.1999,36.9171,36.6065,40.1856,25.5530,38.9945,35.7873,38.5652,35.1679,27.1040
22.01.1999,39.9439,39.3615,43.1443,25.7346,41.1989,37.3538,39.5006,36.1562,27.3475
25.01.1999,40.7034,39.6008,42.8691,26.0348,41.0135,37.2661,39.4487,36.0909,27.3469
26.01.1999,42.7544,41.8125,44.2239,26.9608,41.5267,38.7847,40.1422,36.9609,27.9613
27.01.1999,41.7569,40.5969,43.2058,26.8408,41.2617,39.3234,40.4721,36.9170,27.5299
28.01.1999,39.1479,38.0734,40.2463,26.2720,39.5856,38.0631,39.1555,36.5641,27.4370
29.01.1999,37.6140,37.2200,37.9520,25.7061,39.0021,37.6582,38.9172,35.6565,27.3676
01.02.1999,37.0314,35.9769,37.5483,25.2350,38.2104,37.0932,39.4165,35.3163,27.2398
02.02.1999,38.6119,37.9446,38.8876,26.2028,39.3145,38.0505,38.6181,35.8899,27.4633
03.02.1999,39.9634,38.9465,40.3120,26.4374,39.6919,36.7187,38.9391,36.2264,27.5566
04.02.1999,38.7933,37.6938,39.1060,26.1416,38.6848,36.8031,37.4777,35.3183,27.1497
05.02.1999,37.8148,36.3039,38.1672,26.2114,38.3404,36.6047,37.4372,35.2394,27.1411
08.02.1999,38.7652,39.4350,38.6795,26.3882,38.7381,36.9554,36.4269,34.0488,26.4628
09.02.1999,39.5509,40.9300,39.4112,24.6055,39.5962,37.7845,37.2343,34.5993,26.5442
10.02.1999,40.3040,38.4648,40.4405,25.6599,39.6604,38.1404,37.6567,34.8869,26.2123
11.02.1999,37.8309,36.1257,37.9248,27.8890,38.5684,36.9312,37.1189,34.6178,26.2268
12.02.1999,36.0635,35.8203,36.0732,27.3743,37.7676,35.1549,36.7671,33.6919,25.9808
15.02.1999,37.6696,37.9043,37.6678,28.4591,38.9226,36.0185,37.4036,34.0168,26.1682
16.02.1999,36.0135,36.7605,36.0116,27.6301,37.7219,35.1465,36.5098,33.4210,25.7469
17.02.1999,36.6858,41.7057,36.7485,32.5259,38.2923,35.5409,36.7883,33.6789,25.3548
18.02.1999,35.5630,NA,35.8934,31.6883,37.7377,35.3486,35.6195,33.5108,25.5878
19.02.1999,33.9143,NA,34.4661,30.5441,36.3745,33.9586,35.1459,32.9879,25.5611
22.02.1999,32.0859,32.3856,31.4644,18.4962,34.0876,33.3815,35.2273,32.5556,25.4772
23.02.1999,31.2627,31.4928,30.8899,19.2676,33.3371,31.7916,33.2736,30.6185,24.3578
24.02.1999,30.7791,30.5968,31.0124,28.8234,32.5125,31.8964,33.3447,30.4194,24.2909
25.02.1999,31.7813,32.3411,31.1821,28.8819,32.9914,32.9456,33.5996,31.0896,24.5321
26.02.1999,30.7952,30.6143,30.9510,29.4258,33.8264,32.7603,33.4976,30.9780,24.4882
01.03.1999,32.4626,33.4818,31.9400,29.8307,35.0251,33.2811,34.1977,31.3163,24.6198
02.03.1999,32.0338,32.6807,31.7593,29.8301,34.7330,33.5925,34.1473,31.2531,24.6054
03.03.1999,31.9273,34.0188,31.1650,30.0930,35.4818,34.2708,33.7941,31.9149,25.0004
04.03.1999,30.8785,30.8178,30.8961,29.2290,34.8271,33.0851,33.4653,31.6027,24.9391
05.03.1999,29.2587,28.2572,29.4932,28.5612,33.4203,32.4824,32.8558,30.9313,24.7408
08.03.1999,29.8568,28.3003,30.0482,29.0723,34.0900,33.0006,33.1463,31.2586,24.8732
09.03.1999,28.9631,28.6321,28.9958,28.0445,32.2985,31.3369,32.6787,30.1239,24.8788
10.03.1999,27.9453,27.9845,27.9423,27.3671,31.6859,30.9900,32.2634,30.0080,24.8148
11.03.1999,27.0558,26.8203,27.0690,26.9882,30.8844,30.4218,32.0258,29.7684,24.7368
12.03.1999,26.9831,27.1633,26.9759,27.4915,30.7992,31.5937,31.6632,29.7550,24.2243
15.03.1999,27.7671,28.9361,27.7575,27.5628,29.5476,30.4632,32.0961,29.6898,24.1809
16.03.1999,27.4854,30.7105,27.4767,26.5006,29.3262,30.2737,31.5106,29.5555,24.1147
17.03.1999,28.1560,39.9562,28.1738,26.8859,29.9740,30.5874,31.6762,29.7420,24.2024
18.03.1999,28.1701,NA,28.2756,26.8279,30.2652,30.5058,31.6294,29.6921,24.1850
19.03.1999,26.9936,NA,27.1583,25.8967,29.1580,29.5980,30.3265,29.3222,23.9983
22.03.1999,27.1380,27.5911,26.0376,29.1558,30.1010,30.4506,16.7777,29.4299,24.0829
23.03.1999,28.8415,29.4503,27.6684,30.9687,31.1248,32.9708,17.2131,30.1570,24.3843
24.03.1999,29.9038,30.5815,28.8473,32.5818,31.5475,33.2247,18.8570,30.4928,24.5049
25.03.1999,28.0526,28.1710,27.9041,30.8801,30.8360,32.8349,18.8588,29.9788,24.3411
26.03.1999,28.5730,28.8720,28.2587,31.6319,31.4517,33.2219,18.9011,30.3046,24.4396
29.03.1999,27.3190,27.1928,27.3978,30.5854,31.7184,32.9700,18.8987,29.9632,24.3537
30.03.1999,27.2308,27.0823,27.3097,30.5739,31.8719,32.7423,19.2774,30.8774,24.6207
31.03.1999,25.2455,24.5876,25.5382,29.1936,30.1732,32.7511,19.2719,30.7433,24.5956
01.04.1999,24.6067,23.8783,24.8816,28.2215,29.7991,32.1417,19.2203,30.5071,24.5044
06.04.1999,24.6069,24.6959,24.5926,28.3695,28.5524,32.0343,18.4936,29.2270,24.1474
07.04.1999,25.0337,25.5237,24.9693,29.0502,28.6934,32.1781,18.7253,30.6390,24.2918
08.04.1999,24.9114,25.6290,24.8353,28.8483,28.1075,31.8562,19.8863,30.2566,24.2486
09.04.1999,24.3759,25.6521,24.2681,28.7018,27.6957,31.3257,19.6517,29.5373,23.8537
12.04.1999,25.2893,33.3963,24.9816,28.9779,28.0595,30.3882,19.5734,29.5034,23.8749
13.04.1999,24.4003,33.0476,24.1863,28.7679,27.9205,30.2346,19.4236,29.0652,23.7307
14.04.1999,25.4744,33.5695,25.3658,29.5445,28.3267,30.4513,19.5493,30.1443,24.8867
15.04.1999,26.5825,NA,27.5811,29.7352,29.0303,30.6049,19.7063,30.4843,25.0456
16.04.1999,25.7353,NA,26.3517,28.0085,28.9745,30.6186,19.7365,30.5112,24.5180
19.04.1999,25.0928,25.3740,27.5039,15.6315,27.2603,30.1315,19.0847,30.0768,24.3388
20.04.1999,26.7889,26.9088,29.0413,16.7926,28.5327,30.7176,20.0155,29.9631,24.6529
21.04.1999,25.7711,25.7227,28.6321,18.1701,28.8435,30.3583,19.0844,30.1592,24.6032
22.04.1999,25.2493,24.9981,27.8716,18.2366,28.3264,30.1297,19.4068,29.9124,24.5050
23.04.1999,25.2358,24.8019,27.6015,18.2029,28.1193,29.9432,19.4302,29.9434,24.3532
26.04.1999,25.7839,25.0609,27.2021,18.1525,27.4425,29.7636,19.3944,28.9226,24.0036
27.04.1999,24.3193,23.3255,25.8344,17.7952,26.2445,28.8701,20.0500,27.7131,23.8373
28.04.1999,24.4700,23.6557,25.4809,18.7896,26.0839,29.0974,20.0187,27.5868,23.8676
29.04.1999,24.7805,23.4417,26.1137,18.8602,26.3735,29.0745,20.0599,27.6569,23.9026
30.04.1999,23.7370,21.9936,25.1496,18.5917,27.6279,28.6551,19.9571,27.4030,23.7998
03.05.1999,24.1008,22.2449,24.9784,20.4622,27.1895,28.5738,19.5080,27.1429,23.7758
04.05.1999,24.4724,23.5684,24.8407,20.3142,27.2104,28.8191,19.5666,27.1567,23.8220
05.05.1999,25.6464,24.1194,26.1579,20.3643,28.0886,28.7185,19.7478,27.8026,23.6319
06.05.1999,26.9529,26.0376,27.2123,20.4566,28.2667,29.1427,20.1251,27.9493,23.6914
07.05.1999,27.0848,26.3707,27.2527,20.4882,28.5898,29.3326,20.3070,28.3027,24.0159
10.05.1999,27.3060,26.1643,27.4472,20.8668,29.0063,29.7125,20.2052,29.0457,24.0204
11.05.1999,26.5551,24.6244,26.7394,20.9398,28.4819,29.3446,20.1220,28.7391,24.0425
12.05.1999,27.5905,25.3399,27.7542,20.8522,28.8245,29.5058,20.2450,28.9203,24.1177
14.05.1999,28.3111,28.2791,28.3123,20.5754,29.2958,29.9215,20.2633,29.5372,24.3304
17.05.1999,30.5288,34.5427,30.4945,20.1480,30.7020,31.0848,20.7257,29.2765,24.7546
18.05.1999,30.8287,33.0406,30.8228,20.9808,30.9908,31.5555,20.7587,30.3786,25.0562
19.05.1999,28.1833,30.2472,28.2785,21.4171,30.3117,30.9738,20.8900,30.1939,24.9280
20.05.1999,25.3421,NA,25.7008,20.9791,29.0939,29.7599,20.6334,29.8558,24.4678
21.05.1999,23.4528,NA,23.9326,20.4730,28.2300,29.3988,20.2523,29.8620,24.5781
25.05.1999,26.6217,27.0551,25.9111,15.3914,30.2036,30.4580,20.6681,31.3420,25.4730
26.05.1999,26.6568,27.1819,25.9645,16.9063,30.2359,30.7357,20.7453,30.1935,24.8655
27.05.1999,27.2467,27.7757,26.6794,16.5736,31.4326,31.4559,20.9325,30.6186,25.0129
28.05.1999,25.5676,25.3970,25.7145,17.9225,30.0950,30.8904,20.5658,30.5038,24.9742
31.05.1999,24.9911,24.7206,25.1254,18.2064,30.1491,30.8826,20.7206,30.2172,24.8338
01.06.1999,25.1583,24.6443,25.3701,18.3143,30.0235,31.1465,20.6901,30.3358,24.9139
02.06.1999,25.2086,24.6682,25.3943,18.2058,29.5113,30.7920,20.6712,30.2930,24.9009
03.06.1999,25.6438,25.4886,25.6886,18.3218,29.6492,30.8681,20.7048,30.3283,24.9283
04.06.1999,23.3808,21.4144,23.8269,17.9577,27.9411,29.6546,20.4632,29.3911,24.7437
07.06.1999,23.2450,21.0597,23.5074,17.7645,27.3000,28.9564,20.2498,29.0421,24.5946
08.06.1999,23.1267,21.5748,23.2752,17.6664,27.2131,29.0142,20.2929,29.0397,25.1346
09.06.1999,22.6426,21.3853,22.7354,17.1407,26.5012,28.5201,22.3292,29.6003,24.9645
10.06.1999,23.4619,23.4159,23.4645,18.4255,26.9549,29.2009,23.5947,29.8888,25.0955
11.06.1999,22.4243,21.5851,22.4572,18.0218,26.2808,28.3324,23.3974,29.5034,24.9206
14.06.1999,23.3682,26.6315,23.3402,18.6654,26.6661,28.8388,23.5664,29.7363,25.0596
15.06.1999,23.0918,26.4708,23.0826,18.2601,26.2242,28.6932,23.5776,29.3727,24.6357
16.06.1999,21.7749,26.0891,21.8270,17.7681,25.1619,27.7608,23.5540,29.1177,24.2571
17.06.1999,20.8871,NA,21.0995,18.0485,24.3720,27.1642,23.2840,28.3267,24.0919
18.06.1999,21.1036,NA,21.0570,21.4041,24.2487,27.0507,23.2371,28.1803,23.9945
21.06.1999,20.6465,20.5060,20.9744,23.5226,26.1496,22.9522,27.6048,23.2710,18.0477
22.06.1999,21.0249,20.8650,21.3202,23.9466,26.0527,22.8602,27.7258,23.4137,18.1057
23.06.1999,22.1883,22.3455,21.9482,24.8197,26.9394,23.0201,27.7184,23.7250,18.2508
24.06.1999,22.7759,23.1878,22.2514,25.4289,27.1535,23.1795,28.2119,23.8281,18.1412
25.06.1999,22.3262,22.3366,22.3154,25.4611,27.2785,23.2540,28.2322,23.8046,18.1430
28.06.1999,23.0465,23.6648,22.6503,25.3423,27.1060,23.2880,27.9594,23.7936,18.1521
29.06.1999,23.1458,24.0524,22.6477,25.3881,27.5630,23.1569,27.8617,23.5115,18.2060
30.06.1999,23.3367,24.3511,22.8619,25.4679,27.5201,23.1102,27.5451,23.4049,18.1944
01.07.1999,21.6350,21.9421,21.5155,23.8884,26.2960,22.6538,26.8036,22.9684,18.0268
02.07.1999,20.4213,20.0131,20.5529,22.9323,25.5225,22.1624,26.3052,22.3933,17.8045
05.07.1999,19.9335,20.3884,19.8445,21.7240,24.4955,21.8594,25.7113,21.7433,17.5690
06.07.1999,20.6114,21.5185,20.4631,22.3518,24.8117,22.0096,25.6685,23.1057,18.8737
07.07.1999,21.3227,22.9822,21.0974,23.5182,25.2170,22.1398,25.7745,22.7594,18.7381
08.07.1999,21.4720,23.0787,21.2973,23.9354,25.5396,22.2120,25.9501,23.0761,18.4711
09.07.1999,20.7281,21.4116,20.6709,23.5005,25.2865,22.2166,26.2221,23.3388,18.5515
12.07.1999,21.0405,25.6824,20.8722,23.7222,25.4429,22.2490,25.9625,23.5518,18.6559
13.07.1999,22.4763,27.5181,22.3586,25.3829,26.4690,22.6274,26.5717,23.4727,18.5686
14.07.1999,22.5393,28.5863,22.4600,25.2979,26.7657,22.8567,26.6796,23.4062,18.5513
15.07.1999,20.1082,NA,21.4330,24.1866,26.2751,22.6185,26.5984,23.2396,18.4959
16.07.1999,19.7668,NA,20.8404,23.5925,26.1095,22.5326,26.6574,23.2825,18.5051
19.07.1999,19.9218,20.3498,23.4716,13.8024,26.1803,22.8397,26.2771,23.2784,18.5614
20.07.1999,21.8327,22.0277,25.3731,13.6048,27.5634,23.4986,27.1664,23.6535,19.0424
21.07.1999,24.2567,24.2007,27.5279,16.1569,28.9750,23.7840,28.2652,24.4232,19.1813
22.07.1999,25.2919,25.0360,27.9606,17.3563,29.4293,24.2494,28.4322,24.5158,19.3376
23.07.1999,25.6214,25.1149,28.3614,24.8347,29.9407,24.0296,29.3139,24.7184,19.3079
26.07.1999,28.2556,27.3347,30.0504,25.5948,31.1769,24.5041,30.5052,25.7213,19.7755
27.07.1999,27.4419,26.1202,29.4391,25.0983,30.6799,24.3242,29.9164,25.3370,21.3479
28.07.1999,26.3391,25.0200,27.9473,24.7185,29.5850,23.8708,29.3763,25.0020,21.1691
29.07.1999,28.0028,25.9664,29.9943,24.7359,31.0850,23.9286,30.2380,25.3072,21.2837
30.07.1999,26.8960,25.2972,28.2076,24.5728,30.4837,24.0169,29.8741,25.1877,21.3368
02.08.1999,28.0655,26.4761,28.8283,25.0730,30.2922,24.1084,30.0992,25.1581,21.5979
03.08.1999,28.8511,26.8135,29.6619,25.1925,30.9276,24.1348,30.2271,25.2605,21.6165
04.08.1999,29.6537,26.9290,30.5467,25.1379,30.7266,23.9594,30.1732,25.3233,21.6130
05.08.1999,32.8816,30.2078,33.6163,25.4243,32.4678,24.1624,31.3644,25.4972,21.5609
06.08.1999,32.1465,29.0473,32.8442,25.5802,32.1080,24.2086,31.0845,25.4703,21.7135
09.08.1999,31.3775,29.6368,31.5912,26.0855,31.5018,24.4437,30.5760,25.3603,21.8275
10.08.1999,32.7010,30.5759,32.9047,25.9507,33.2337,24.5523,31.9088,25.5102,21.7758
11.08.1999,32.4776,29.1590,32.7163,25.8949,32.2201,24.4681,31.2682,25.9697,21.5548
12.08.1999,29.4095,26.3012,29.5751,25.7485,30.3791,24.3064,30.4035,25.6818,21.6290
13.08.1999,26.0123,22.3859,26.1468,24.6211,28.7761,23.9777,29.1754,24.7857,21.0363
16.08.1999,26.9659,26.1991,26.9719,24.7499,29.2370,23.8379,29.1418,24.8379,21.0557
17.08.1999,26.1797,26.2609,26.1794,24.5679,28.7862,23.8013,28.8638,24.5036,21.0399
18.08.1999,26.6964,28.9523,26.7268,24.7240,28.9099,23.8689,28.7944,24.4773,23.5679
19.08.1999,27.2993,NA,27.5052,24.9144,29.7357,23.9308,29.1787,24.9154,23.7883
20.08.1999,25.8141,NA,26.0322,24.5212,28.9613,23.8630,28.4774,24.6450,23.4614
23.08.1999,24.6286,24.7600,24.3579,14.8761,28.0774,18.3640,23.7896,28.1901,24.3293
24.08.1999,24.9878,25.4411,24.2426,16.0896,28.5264,21.1642,23.7847,27.7822,24.2273
25.08.1999,23.0672,22.9190,23.2569,20.0634,27.0037,20.9924,23.3473,27.1205,23.8765
26.08.1999,22.7808,22.5384,23.0329,19.7902,27.0758,20.9415,24.4789,27.0603,23.7757
27.08.1999,22.3076,21.7357,22.7914,19.6381,27.0992,20.5982,24.4411,27.3580,23.7500
30.08.1999,23.2340,23.1366,23.2826,20.0514,27.4126,20.9922,24.6939,27.5686,23.8302
31.08.1999,24.9551,26.4004,24.3251,19.8290,28.3306,21.0854,25.0566,28.1663,24.1557
01.09.1999,24.4720,25.0116,24.2810,20.0188,28.0429,21.0958,25.0741,28.2608,23.9546
02.09.1999,25.8450,27.3714,25.3858,19.6676,29.5876,21.0659,25.7050,29.1290,24.7044
03.09.1999,23.0423,21.9311,23.3002,19.7665,27.4735,20.9339,24.8646,28.1427,24.2069
06.09.1999,22.9409,21.8510,23.0753,19.9950,27.0930,20.8600,24.5886,27.5667,23.8540
07.09.1999,23.0444,22.0721,23.1387,23.6022,27.0094,23.4523,24.6446,27.8061,23.9523
08.09.1999,23.0891,21.7831,23.1855,23.4551,27.1420,23.6829,24.6867,27.7169,23.9923
09.09.1999,22.2243,20.6292,22.3108,23.2807,26.7647,23.4786,24.4561,27.6415,23.8665
10.09.1999,21.6421,21.9832,21.6283,22.8174,26.4927,23.0123,24.3107,27.5023,24.1789
13.09.1999,22.7170,22.8999,22.7155,23.2311,26.8667,23.4755,24.3285,27.1033,24.2948
14.09.1999,23.6243,27.4301,23.6138,23.8752,27.7178,24.0406,24.7642,27.8554,24.4489
15.09.1999,24.7157,34.8176,24.7146,24.7896,28.6037,24.5521,25.2174,28.4724,24.6315
16.09.1999,25.1277,NA,25.1274,25.1317,28.9151,24.7175,25.3867,28.6140,24.6864
17.09.1999,23.8429,NA,23.7559,24.4006,27.9035,24.2653,27.2575,28.6391,24.6956
20.09.1999,23.8031,23.5953,24.2864,27.6730,23.8814,26.9253,28.3737,15.2320,24.5944
21.09.1999,25.3996,25.4060,25.3876,28.2906,24.2394,27.4006,28.8187,25.2058,24.7313
22.09.1999,25.8222,25.9316,25.6555,28.5712,24.6647,27.8912,28.9899,25.0920,24.6900
23.09.1999,25.0303,24.9433,25.1385,28.0902,24.4674,27.4855,28.8434,25.0275,24.6490
24.09.1999,27.1255,27.5966,26.6268,30.0283,24.9574,28.2066,29.4647,25.4197,24.8237
27.09.1999,26.3027,26.4113,26.2344,29.1412,24.8992,28.0371,28.6935,25.4387,24.9958
28.09.1999,26.9086,27.0389,26.8389,29.5380,25.3813,28.9377,29.8167,25.5441,25.4590
29.09.1999,27.8488,28.3619,27.6130,29.8901,25.6455,29.0163,30.5736,25.7719,25.5092
30.09.1999,27.8471,28.1802,27.7176,30.3198,27.5828,29.3033,31.7954,26.3282,25.8110
01.10.1999,27.8705,28.6407,27.6143,30.3037,28.0635,29.7162,31.2724,26.4169,26.0008
04.10.1999,26.5893,26.6631,26.5750,29.0829,26.9134,28.5445,30.5197,26.1620,25.8600
05.10.1999,26.3157,26.1986,26.3343,28.5555,26.7705,28.3794,29.4208,25.6814,25.8589
06.10.1999,25.2768,24.9183,25.3231,27.5436,25.8992,27.8056,29.0696,25.5587,25.4004
07.10.1999,23.4953,22.3372,23.6130,25.9091,24.8528,26.8125,28.2962,25.1421,24.9011
08.10.1999,23.1659,22.6648,23.2066,26.5553,25.2603,27.0310,28.7364,25.0227,25.0650
11.10.1999,22.6819,23.5499,22.6531,25.2976,24.4639,26.4037,28.1569,25.0049,25.0463
12.10.1999,23.4701,25.6989,23.4212,26.0334,24.9810,26.8306,28.2298,25.3348,25.0663
13.10.1999,24.7145,31.4401,24.6261,27.3938,25.9420,27.5628,29.0091,25.7082,25.2671
14.10.1999,24.0129,NA,25.2403,27.8399,26.3186,27.8892,29.7704,26.0340,25.5157
15.10.1999,27.1818,NA,28.1390,30.6649,27.6882,29.4099,31.0306,26.8232,26.4664
18.10.1999,29.4296,29.7224,31.9512,28.6165,30.1451,31.3027,26.9779,26.4798,25.5409
19.10.1999,25.9996,26.1408,28.6338,27.0976,28.4708,29.5854,26.0862,25.6603,24.7749
20.10.1999,25.4943,25.4547,27.8569,26.5710,28.1272,29.3288,25.9358,25.4045,24.6024
21.10.1999,25.9541,25.7467,28.1420,26.4456,28.1689,29.5749,25.9912,25.4395,24.6368
22.10.1999,23.4008,23.0067,25.5517,25.0856,26.8558,28.4709,25.4649,24.9599,24.3524
25.10.1999,25.2749,24.6405,26.5244,25.7174,27.2114,28.9282,25.7378,25.1650,24.4958
26.10.1999,24.3652,23.6407,25.4850,25.1776,26.9180,28.4392,25.6210,25.0571,24.4241
27.10.1999,24.7645,23.7918,25.9643,25.2107,27.0238,28.3144,25.4668,25.0796,24.4043
28.10.1999,22.0081,20.9591,23.0591,23.4691,25.4884,26.7209,24.5797,24.1288,23.7214
29.10.1999,21.9392,21.1109,22.6322,22.9875,25.1412,26.4277,24.4166,23.9864,23.6295
01.11.1999,21.8553,20.8715,22.3316,22.9581,24.9633,26.2451,24.2402,23.9103,23.4153
02.11.1999,22.0428,20.9696,22.4765,22.8836,24.7964,26.1579,24.1857,23.7793,23.2870
03.11.1999,22.3514,21.4601,22.6540,22.9375,24.7415,26.0365,24.1072,23.7273,23.1803
04.11.1999,21.8141,20.5858,22.1571,22.2719,24.2675,25.4812,23.7713,23.4651,23.0154
05.11.1999,20.8933,19.2493,21.2676,22.3230,24.0950,25.2136,23.6515,23.2451,22.9076
08.11.1999,21.3320,19.8773,21.5093,22.3796,23.8169,25.0786,23.5815,23.3009,22.9757
09.11.1999,21.2722,19.7413,21.4183,22.2920,23.8355,24.9008,23.4035,23.0264,22.7867
10.11.1999,21.2203,20.0619,21.3059,22.2566,23.6252,24.6902,23.1970,22.9371,22.6949
11.11.1999,20.9458,19.2344,21.0382,21.8782,23.5545,24.4511,23.0246,22.7262,22.5787
12.11.1999,20.7800,19.7987,20.8182,21.9355,23.5492,24.4550,22.9702,22.6516,22.5275
15.11.1999,21.6098,22.9661,21.5986,22.2100,23.8697,24.4824,22.9234,22.5145,22.3093
16.11.1999,21.1132,24.5176,21.1038,22.0197,23.7385,24.2229,23.2471,22.9414,22.2060
17.11.1999,21.2685,24.7169,21.2340,23.5460,24.0420,25.0031,23.7333,23.5699,23.1115
18.11.1999,20.5132,NA,20.2782,23.2293,23.8821,24.7664,23.6807,23.3906,22.9865
19.11.1999,20.1544,NA,19.7218,22.7682,23.3491,24.5137,23.5745,23.4083,22.9501
22.11.1999,22.5010,21.9536,23.7426,12.5285,24.3676,25.2979,24.1962,23.9060,23.3695
23.11.1999,22.8160,22.2482,23.8404,22.3041,24.3206,25.1808,24.0519,23.9678,23.4723
24.11.1999,22.8010,22.0963,23.8284,22.5183,24.4879,25.3299,24.1984,23.9941,23.4847
25.11.1999,21.7842,20.8297,22.9193,21.8641,23.6528,24.6407,23.8033,23.7202,23.3180
26.11.1999,22.0031,20.9007,23.0938,22.1637,23.8960,24.7603,23.9686,23.7743,23.5919
29.11.1999,23.0575,21.7436,23.8444,22.8220,24.4560,25.3615,24.1488,23.9145,23.7578
30.11.1999,23.4039,22.2860,23.9786,23.0116,24.4848,25.4867,24.5243,24.3180,23.8697
01.12.1999,23.6672,22.1602,24.3197,23.2345,24.7412,25.6205,24.6463,24.4333,23.5580
02.12.1999,23.5439,21.8919,24.1502,23.1854,24.6466,25.5894,24.6085,24.3803,23.5218
03.12.1999,22.4250,20.2536,23.0899,22.7110,24.0759,25.2148,24.3526,24.1437,23.2446
06.12.1999,22.9538,21.3188,23.2561,22.6625,24.1797,24.7228,23.9640,23.8758,23.5239
07.12.1999,23.6904,22.0652,23.9392,23.5316,24.6897,25.3363,24.6645,24.4339,23.9261
08.12.1999,23.5967,22.6967,23.7112,23.5181,24.6146,25.0757,24.5072,24.3934,23.9100
09.12.1999,23.9505,22.3667,24.1098,23.7775,24.9649,25.3912,24.6442,24.5613,24.1402
10.12.1999,25.1937,24.3729,25.2599,24.5061,25.7251,26.0045,25.1571,24.9955,24.5773
13.12.1999,25.8074,26.4484,25.7863,24.9010,25.8901,26.3485,25.2862,25.0256,24.4970
14.12.1999,26.6982,27.6644,26.6776,25.4557,26.5070,26.6332,25.5397,25.2301,24.5601
15.12.1999,28.2257,30.3639,28.2001,26.7133,28.1715,28.0677,26.5216,26.1071,25.1021
16.12.1999,29.6028,NA,29.0679,27.8084,28.8949,28.5626,27.1490,26.5688,25.6316
17.12.1999,29.4312,NA,29.0150,27.8145,28.5965,28.5966,26.9874,26.4267,25.4996
20.12.1999,28.9298,28.8081,27.8232,28.3819,28.4483,26.8719,26.4763,25.2120,15.4390
21.12.1999,29.4158,29.3613,28.3301,28.9624,28.7884,27.1604,26.6673,25.3746,20.9168
22.12.1999,28.4172,28.4240,27.9884,28.5213,28.5540,27.0884,26.6704,25.0635,20.7695
23.12.1999,28.9967,29.0452,28.4549,29.1111,29.4078,27.5830,27.1972,25.0332,21.2588
27.12.1999,31.9852,32.7979,30.2562,30.1447,30.1326,28.4069,27.7225,25.2468,21.8280
28.12.1999,31.8670,32.7908,30.3257,30.2033,29.9603,28.1996,27.6052,25.3017,21.9146
29.12.1999,31.5221,32.5899,30.0903,29.7065,29.6022,27.8291,27.3729,25.0656,21.5073
30.12.1999,31.1018,32.3806,29.6985,29.0707,29.1512,27.6324,26.9648,25.2823,21.0982
03.01.2000,30.9845,32.2003,30.3575,29.6784,29.5004,27.8500,27.1618,25.8224,21.4043
04.01.2000,33.2225,35.0483,32.4283,32.1973,30.8263,29.0445,28.2255,26.7523,21.9038
05.01.2000,32.5944,35.1717,31.6464,31.5586,29.9181,28.2649,27.4190,26.2748,21.8308
06.01.2000,31.1811,33.4803,30.4829,30.2600,29.4499,27.9918,27.3828,26.2503,21.6319
07.01.2000,27.4407,28.9179,27.0756,27.2614,27.1900,26.2557,26.1463,25.5733,21.2060
10.01.2000,27.3711,28.9649,27.1624,27.3496,27.4174,26.5021,26.2624,25.3904,21.8416
11.01.2000,27.9619,29.4209,27.8127,27.8198,27.7863,26.7829,26.4660,25.5208,21.8819
12.01.2000,28.6067,30.7273,28.4390,28.4926,27.9690,26.9539,26.5477,25.6649,21.9372
13.01.2000,28.0491,30.0857,27.9299,27.8655,27.6679,26.7153,26.3045,25.5313,21.9005
14.01.2000,25.4786,26.8035,25.4242,25.3006,25.9843,25.6883,25.4915,24.8784,21.5923
17.01.2000,25.9901,31.6851,25.9394,25.6393,26.1588,25.6887,25.4514,24.8453,21.5365
18.01.2000,27.7794,33.2264,27.7641,27.9289,27.7435,26.7193,26.2378,25.6214,21.5519
19.01.2000,28.1277,37.7510,28.1239,28.3689,27.9863,26.8398,26.3118,25.6586,22.1951
20.01.2000,27.7616,NA,27.7724,27.6419,27.5704,26.5926,26.1381,25.5156,22.0333
21.01.2000,28.1958,NA,28.1675,28.3580,28.1131,26.9367,26.4420,25.2447,21.5967
24.01.2000,28.6632,28.6419,28.7069,14.0257,28.1854,27.0669,26.5665,25.7967,22.0987
25.01.2000,30.0186,30.0270,30.0052,22.6990,29.0105,27.4610,26.8889,25.7561,21.9433
26.01.2000,29.4326,29.4716,29.3823,22.7166,28.5565,27.2765,26.6359,25.5034,21.7858
27.01.2000,28.0638,28.1507,27.9721,22.2954,27.7181,26.6021,26.1589,25.0575,21.4464
28.01.2000,29.0238,28.8193,29.1998,23.0490,28.2877,27.0884,26.5446,25.5012,21.6465
31.01.2000,31.9687,32.6417,31.6264,23.9211,30.0196,28.2253,27.2437,25.8613,21.9275
01.02.2000,30.1224,30.6889,29.8823,23.6252,28.9939,27.4800,26.7477,25.6305,22.2295
02.02.2000,29.5014,30.1294,29.2793,23.2266,28.7116,27.4852,26.5649,25.5640,22.1113
03.02.2000,28.9268,30.2447,28.5338,21.8773,28.0598,27.0252,26.1552,25.2452,21.8969
04.02.2000,28.6263,29.6778,28.3691,21.5774,28.3257,27.3250,26.5992,25.7457,22.4896
07.02.2000,29.9433,32.6134,29.5878,23.6059,28.8654,27.7331,26.9093,25.7793,22.1012
08.02.2000,28.5691,31.0409,28.3117,21.7025,28.3839,27.5232,26.7152,25.4643,21.9809
09.02.2000,29.5142,31.9672,29.3192,24.2389,29.3766,28.3731,27.3592,26.0304,22.9430
10.02.2000,30.1312,33.1874,29.9496,24.4633,29.7546,28.6453,27.5731,26.2937,23.1097
11.02.2000,29.1778,32.5752,29.0336,23.3485,29.3958,28.4717,27.4206,26.2177,23.3942
14.02.2000,32.9205,39.6154,32.8613,25.9730,31.4001,29.6574,28.6177,27.3905,23.5863
15.02.2000,33.9884,41.3574,33.9675,27.4462,32.3166,30.2703,29.1233,27.5049,23.8987
16.02.2000,32.5563,42.3350,32.6342,26.6576,31.4970,29.8481,28.7803,26.8906,23.7485
17.02.2000,30.9239,NA,31.3188,25.6121,30.4582,29.2418,28.1932,26.2465,23.2149
18.02.2000,30.3079,NA,30.9865,25.5356,30.2096,28.6411,27.6829,26.1126,23.0677
21.02.2000,30.9721,32.6419,26.7008,13.8554,30.8307,29.2741,28.2696,26.4673,23.2822
22.02.2000,30.7722,32.6484,26.9936,16.5214,31.0969,29.3427,28.3428,26.5174,23.2767
23.02.2000,29.5958,31.6045,26.3308,16.4956,30.6914,29.1660,28.2497,26.4844,23.2876
24.02.2000,29.5094,31.7154,26.5650,16.5853,30.7001,29.2490,28.4451,26.5267,23.3079
25.02.2000,27.0920,29.8295,23.9869,15.1934,29.7057,28.4167,27.7600,25.9405,22.9941
28.02.2000,29.0865,32.4289,26.8398,18.6602,31.1312,29.6176,28.6804,26.4417,23.2634
29.02.2000,28.7829,30.8743,27.6360,18.2310,30.2247,29.0543,28.1246,26.2278,23.0913
01.03.2000,27.6825,29.6228,26.7837,19.2955,29.5979,28.2981,27.8608,25.8553,22.9459
02.03.2000,24.7261,27.0782,23.7886,17.2609,28.1676,27.2672,26.9342,25.0109,22.3912
03.03.2000,27.5193,27.2949,27.5898,24.7979,29.1156,28.6770,29.0073,27.2209,24.6031
06.03.2000,27.7329,28.3113,27.6247,26.2128,29.4430,28.9398,28.6876,27.3570,24.8290
07.03.2000,28.4641,29.4486,28.3115,26.6101,29.9715,29.4822,29.2284,27.7544,25.1021
08.03.2000,29.5076,30.7897,29.3456,27.2484,30.4042,30.3460,30.0711,28.3884,25.5444
09.03.2000,29.2994,30.2542,29.2037,27.1679,30.3897,30.2006,30.1823,28.3958,25.5516
10.03.2000,28.2310,27.9698,28.2510,26.5351,29.6880,29.6938,29.5954,28.2157,25.4596
13.03.2000,31.1377,38.4101,30.8966,28.2295,32.1913,32.3698,31.4675,30.4648,26.3143
14.03.2000,30.9028,37.6151,30.7631,28.1237,31.6011,31.3711,30.8669,29.1468,25.8944
15.03.2000,31.5052,43.8550,31.3554,27.8568,32.5133,31.8063,31.1013,29.3380,25.9024
16.03.2000,31.4462,NA,30.5311,27.7484,31.4990,30.9793,30.4075,28.8078,25.6898
17.03.2000,31.0922,NA,30.4206,27.8132,31.3451,31.0503,30.2888,28.6280,25.5983
20.03.2000,29.5358,29.4377,27.5185,30.3280,30.1717,29.7778,12.9356,28.1394,25.3061
21.03.2000,29.1204,29.1511,27.0948,29.9159,30.1496,29.4736,22.6261,28.3244,25.3432
22.03.2000,28.9261,29.1020,26.8680,29.6469,29.8293,29.4069,22.5225,28.1716,24.8972
23.03.2000,28.5267,28.8024,26.8500,29.7279,29.5688,29.2033,22.4536,28.1742,24.9338
24.03.2000,27.0158,27.2766,25.9924,28.0485,28.6037,28.6033,21.9542,27.3805,24.5952
27.03.2000,27.0584,27.6765,26.0087,27.6584,28.3894,28.5671,22.0902,27.5211,24.5114
28.03.2000,26.4310,27.2156,25.3545,27.1818,27.9565,27.8655,21.7691,26.8685,24.2163
29.03.2000,25.4628,26.2776,24.5506,26.6647,27.2149,27.0542,21.3601,26.2709,23.7111
30.03.2000,27.7869,29.2776,26.3830,28.6674,28.7896,28.6170,21.9867,27.1083,24.2299
31.03.2000,27.2370,28.8112,26.0042,28.7020,28.8309,28.3918,22.0021,27.1206,24.1824
03.04.2000,28.1790,31.1902,26.7577,29.7460,29.9134,29.4312,22.8390,28.4332,24.3828
04.04.2000,27.8205,30.7131,26.6846,29.4745,29.5160,29.2210,22.2403,27.9683,24.2939
05.04.2000,32.0695,37.8865,30.0712,33.1178,32.4326,31.6168,23.7436,30.1994,26.4059
06.04.2000,28.7791,31.8804,27.9387,30.1087,30.0408,29.4735,22.8335,27.9221,24.6642
07.04.2000,26.6260,28.1409,26.2985,28.5068,29.0015,28.8436,22.1734,26.7773,24.0613
10.04.2000,26.9387,29.7717,26.6108,28.6772,29.0577,28.6813,22.0701,26.5842,23.9456
11.04.2000,28.1435,33.5138,27.6389,30.4899,30.4380,29.8680,22.7797,27.1805,24.2563
12.04.2000,27.6432,32.4267,27.3066,29.9621,30.0699,29.6530,22.5436,27.1197,24.2097
13.04.2000,27.8573,32.6433,27.6118,30.4032,30.1685,29.6098,22.4405,27.0561,24.1987
14.04.2000,28.4070,35.4810,28.1459,32.2560,31.3944,30.7723,25.5773,28.6794,24.5422
17.04.2000,30.7758,46.0036,30.6679,33.8638,32.5823,31.5177,25.8501,28.9844,24.5454
18.04.2000,30.2799,44.6345,30.2520,32.5165,31.8807,30.9882,26.4844,28.4321,24.7603
19.04.2000,28.2189,NA,28.1671,31.2862,31.0241,30.2804,25.8577,27.7699,24.7986
20.04.2000,27.2314,NA,27.0231,29.4325,29.8611,29.4441,25.8104,28.4376,24.9453
25.04.2000,28.3096,27.5670,29.4621,13.7447,29.4729,28.8670,25.1354,27.8531,24.5520
26.04.2000,28.2941,27.5793,29.1894,14.6408,29.2041,28.7450,25.4692,28.0536,24.7636
27.04.2000,29.9862,28.9206,31.0668,17.2848,30.3087,29.6449,26.4302,29.0316,25.2390
28.04.2000,28.1330,26.7859,29.2498,16.5177,29.1005,28.6148,25.5024,27.9495,24.8071
02.05.2000,28.7111,27.8344,29.0700,16.0874,28.5502,28.5862,25.1669,27.4004,24.5738
03.05.2000,29.8878,29.1115,30.1537,19.9180,29.1628,29.3378,25.2503,26.5935,24.0869
04.05.2000,29.5658,29.1515,29.6847,19.9538,29.0953,28.9545,25.5653,27.8675,24.7909
05.05.2000,28.1957,26.3451,28.6205,19.5748,28.4492,28.4852,25.3104,27.6800,24.6154
08.05.2000,28.7495,28.0965,28.8312,19.7276,28.7810,28.6213,25.4087,27.8630,24.6410
09.05.2000,29.2943,28.9996,29.3234,19.2005,29.0897,28.9511,25.6083,27.8654,24.5535
10.05.2000,30.0209,30.1083,30.0143,20.8130,29.6189,29.2425,25.7929,28.0641,24.7074
11.05.2000,27.7294,27.3474,27.7508,20.6985,28.3756,28.2389,25.1013,27.3317,24.2590
12.05.2000,27.0581,26.2424,27.0902,23.3096,28.0009,27.9950,25.0855,26.9760,24.0138
15.05.2000,28.1816,31.0823,28.1571,23.9420,28.3361,28.2975,25.1098,27.2005,24.1827
16.05.2000,26.8223,31.2538,26.8101,22.7827,27.2370,27.3913,24.5951,26.4412,24.0448
17.05.2000,27.2548,34.2655,27.3039,23.5850,27.7885,27.8330,24.9822,26.9510,23.9418
18.05.2000,26.2945,NA,26.5261,23.2317,27.5280,27.3645,24.6676,26.6953,23.8191
19.05.2000,28.5293,NA,29.1358,24.2166,29.0794,28.4630,25.3251,27.4186,24.2271
22.05.2000,29.7029,31.3820,25.3034,13.6256,29.5559,29.0555,25.5313,27.7161,24.3888
23.05.2000,28.7434,30.5001,25.1349,16.4000,29.5810,29.0920,25.5114,27.6020,24.3286
24.05.2000,28.8636,31.0928,25.1145,19.6402,30.0236,29.3354,25.8069,27.9713,24.5618
25.05.2000,27.3632,29.0448,25.1079,21.3260,29.0501,28.5810,25.3580,27.3562,24.1313
26.05.2000,26.7763,28.5798,24.7617,21.3174,28.7869,28.4036,25.2652,27.1216,24.1346
29.05.2000,26.2538,28.2087,24.9500,21.7931,28.7386,28.2700,25.3012,26.9799,24.1052
30.05.2000,25.6275,27.4243,24.6161,21.8037,28.0534,27.7840,24.9084,26.6738,23.7917
31.05.2000,25.2594,27.0774,24.3904,21.9395,27.9404,27.7258,24.9672,26.6486,23.9182
01.06.2000,24.1361,26.1957,23.2940,21.4891,27.0621,27.0066,24.4022,26.3963,23.9180
02.06.2000,22.7580,25.5038,21.7864,20.9119,26.7728,26.7523,23.8027,26.4212,23.6471
05.06.2000,23.4487,26.0680,22.9087,21.2652,27.3054,27.0675,24.2826,26.0971,23.6424
06.06.2000,24.1594,26.5922,23.7488,21.7581,27.6088,27.3278,24.6429,26.4148,23.9991
07.06.2000,24.3745,26.7239,24.0523,21.8889,27.8223,27.5777,24.9081,26.5146,23.9588
08.06.2000,24.1118,26.4062,23.8596,21.8153,27.6557,27.4713,24.7665,26.5813,23.6257
09.06.2000,24.3139,24.5605,24.2935,21.4048,26.8967,27.0135,24.5565,26.2886,23.5730
12.06.2000,24.5714,27.0343,24.4871,21.5188,27.1221,27.1677,24.6002,26.2872,23.6023
13.06.2000,24.1788,28.5279,24.0793,21.4045,26.8709,27.1056,24.4143,25.8097,23.4623
14.06.2000,23.2305,27.6116,23.1750,20.5440,26.0040,26.2028,24.7219,25.2399,23.0737
15.06.2000,24.1161,NA,23.1382,20.7338,25.8071,26.2297,24.6925,25.3761,23.1612
16.06.2000,23.5510,NA,22.8600,20.7997,25.5784,26.1506,24.6479,25.4052,23.1462
19.06.2000,23.0801,22.8336,20.7737,25.2435,25.9969,24.3085,24.9015,22.7399,13.2214
20.06.2000,22.3126,22.2232,20.4946,24.6895,25.5600,24.1419,24.9826,22.9904,13.0175
21.06.2000,22.7090,22.7396,20.7054,25.0170,25.9881,24.5069,25.5160,23.1796,15.1617
22.06.2000,22.7119,22.8697,20.8911,25.2243,25.9819,24.5742,25.6056,23.2299,15.2374
23.06.2000,22.6095,22.9217,20.7207,25.1306,25.7929,24.4712,25.8066,23.2882,15.2924
26.06.2000,22.8163,22.8588,22.7291,24.9066,25.9778,24.5185,25.6716,23.1471,15.6272
27.06.2000,22.7851,22.7733,22.8040,25.1264,25.8000,24.3751,25.5228,23.1144,15.6733
28.06.2000,22.2728,22.0257,22.5874,24.6462,25.5019,24.1665,25.1809,23.0877,19.0532
29.06.2000,23.5674,23.4885,23.6501,25.5840,26.1877,24.5755,25.9354,23.4568,19.2129
30.06.2000,22.4188,21.8956,22.8623,25.0067,25.7119,24.3628,25.5718,23.2480,19.1461
03.07.2000,22.6522,22.1815,22.8843,24.7884,25.4298,24.2106,25.3526,23.1170,19.1114
04.07.2000,21.8585,21.7061,21.9219,24.3340,25.1519,23.8549,25.2353,22.8545,18.9617
05.07.2000,22.6108,21.9285,22.8440,24.5741,25.4392,24.0791,25.2269,23.0002,19.0136
06.07.2000,22.4538,22.1907,22.5294,24.4596,25.4686,24.0335,25.2500,23.0146,19.0253
07.07.2000,21.4666,21.4071,21.4808,23.6748,24.7493,23.6987,24.6864,22.6494,18.7878
10.07.2000,21.5763,21.7490,21.5543,23.9764,24.9877,24.0473,24.8816,22.6181,18.7413
11.07.2000,21.2154,21.1550,21.2214,23.6818,24.7090,23.8451,24.9242,22.6425,18.7438
12.07.2000,20.9498,21.0974,20.9386,23.3438,24.4984,23.3603,24.3292,22.3317,18.4524
13.07.2000,20.4478,20.2730,20.4576,22.7600,24.0472,23.4228,24.3513,22.6474,18.3227
14.07.2000,19.7817,19.5215,19.7920,22.4894,23.8884,23.1301,24.1534,22.4289,18.2972
17.07.2000,19.6085,21.4360,19.5932,22.2744,23.7555,23.1561,24.0253,22.2096,19.0409
18.07.2000,19.4081,23.1218,19.3977,22.0479,23.6740,23.1215,24.0992,22.1812,18.7043
19.07.2000,20.4576,25.3578,20.4233,22.4950,23.8438,23.2809,24.2960,22.4725,18.8304
20.07.2000,20.0856,NA,19.8961,22.0700,23.5849,23.0989,24.2482,22.3357,18.8358
21.07.2000,20.3524,NA,20.0304,22.1150,23.7811,23.1721,24.1558,22.2706,18.8662
24.07.2000,20.8416,20.3275,21.8549,11.9738,23.6111,23.1555,24.1130,22.2898,18.8541
25.07.2000,20.5730,19.8595,21.6690,12.0318,23.6890,23.1789,24.2437,22.3571,18.9294
26.07.2000,20.6399,20.0888,21.3290,12.9370,23.5475,23.0018,24.0936,22.3019,18.9020
27.07.2000,21.2491,20.7301,21.7812,15.1493,24.2066,23.3034,25.1180,22.5920,19.0329
28.07.2000,22.5549,22.0955,22.9453,14.6447,24.6540,23.6638,24.9510,22.5897,19.0246
31.07.2000,22.2473,21.5017,22.6114,15.7237,24.1958,23.5925,24.4454,22.4683,19.0006
01.08.2000,22.4564,21.6741,22.7757,17.9470,24.4446,23.5601,24.3123,22.5373,18.8291
02.08.2000,22.2791,21.2572,22.6245,17.8112,24.5226,24.0624,24.0245,22.5005,18.8307
03.08.2000,23.1963,22.2022,23.4764,17.0462,25.1170,25.1455,25.0717,23.0769,18.8990
04.08.2000,22.4068,21.2064,22.6845,18.5667,24.6436,24.7538,24.8880,22.9286,18.9945
07.08.2000,22.2459,21.4064,22.3500,18.7790,24.1379,24.6608,24.6778,22.8362,18.9847
08.08.2000,21.9573,21.8337,21.9695,18.6165,23.7256,24.4306,24.5273,22.7464,18.9284
09.08.2000,21.7924,20.4878,21.8884,18.8460,23.6760,24.4397,24.4997,22.7499,18.9149
10.08.2000,21.2950,20.1004,21.3603,18.8926,23.6974,24.1373,24.3978,22.6086,18.8618
11.08.2000,21.1817,19.0454,21.2626,18.8251,23.8570,24.1484,24.4329,22.5659,18.8884
14.08.2000,20.6699,21.1175,20.6663,18.8765,23.5765,23.7836,24.2986,22.5313,18.8492
15.08.2000,20.6954,22.2471,20.6913,18.9286,23.5553,23.9969,24.3033,22.6026,19.1183
16.08.2000,20.2856,22.2358,20.3054,18.8517,23.0890,23.7295,24.1241,22.5120,19.0713
17.08.2000,20.2180,NA,20.3320,18.7468,23.1499,23.8240,24.4673,22.8641,19.1241
18.08.2000,19.9080,NA,19.8446,20.3156,23.1951,23.6234,24.6176,23.0043,19.2028
21.08.2000,19.9801,19.8516,20.2799,11.8011,22.7823,23.4794,23.7426,22.9188,19.1355
22.08.2000,19.9077,19.6682,20.3478,12.6801,22.6029,23.4724,23.9984,23.0248,19.1491
23.08.2000,19.6149,19.2137,20.2072,17.7834,22.6053,23.5213,24.0502,22.6008,19.1799
24.08.2000,19.8195,19.5152,20.1927,18.1179,22.8003,23.6635,24.2905,22.3564,19.1976
25.08.2000,19.2467,18.7041,19.7952,17.5720,22.1600,23.2820,23.9528,22.6214,19.2533
28.08.2000,19.7272,19.3523,19.9587,17.5809,22.0384,23.2283,23.5063,22.1768,19.1486
29.08.2000,19.8354,19.4605,20.0325,17.7022,22.3036,23.6078,23.5746,22.6974,19.1303
30.08.2000,20.1445,21.2020,19.6463,18.1878,22.3700,23.4471,24.0083,23.1648,19.0915
31.08.2000,19.6192,19.4590,19.6806,17.6153,22.2242,23.4377,23.5623,22.9415,18.9389
01.09.2000,19.1432,18.5528,19.3322,16.4299,21.7718,22.7090,23.0097,22.4698,18.7158
04.09.2000,19.6080,20.2724,19.4772,14.6138,21.3898,22.6556,23.0873,22.1622,18.5642
05.09.2000,20.5245,21.3452,20.3907,17.6962,22.2165,22.9505,23.8649,22.7728,18.9744
06.09.2000,20.6624,21.8050,20.5092,18.0875,22.4232,23.1797,23.8776,22.8510,19.9124
07.09.2000,19.9145,20.2496,19.8792,17.4180,22.2175,23.0392,22.7543,22.9050,19.9185
08.09.2000,20.4529,21.0242,20.4052,18.4202,22.5096,23.0391,23.5018,22.7912,19.8285
11.09.2000,20.1723,22.0412,20.1086,18.3398,22.1931,22.9967,23.2947,22.8671,19.8594
12.09.2000,20.0698,21.9636,20.0283,18.3912,22.2200,22.9239,23.2773,22.8564,19.8722
13.09.2000,20.5915,24.9155,20.5362,19.0736,22.7484,23.1727,23.5684,23.1902,19.9082
14.09.2000,20.3929,NA,20.0037,19.0857,22.1815,22.7594,22.9456,22.8871,19.8405
15.09.2000,19.8744,NA,19.6766,19.1109,22.2071,22.6706,23.3017,22.4595,19.4920
18.09.2000,21.1522,21.0082,19.8284,23.2678,23.6743,23.5700,11.9254,22.7326,19.4810
19.09.2000,21.4403,21.3713,20.0482,23.3225,23.6168,23.7217,15.5667,22.7040,19.5144
20.09.2000,22.0206,22.0457,20.3880,23.7763,23.9977,23.9939,15.9309,22.8301,19.4865
21.09.2000,24.8499,25.1614,21.1078,26.2038,25.4521,24.9032,16.4082,23.2239,19.3610
22.09.2000,24.4241,25.0295,20.5956,25.7808,25.4975,24.9447,15.9640,23.1452,19.4379
25.09.2000,23.1340,24.3045,20.5351,25.5908,25.0109,24.9132,16.2086,24.0118,19.5266
26.09.2000,22.6903,24.2834,19.8687,25.2624,25.1356,25.1561,16.3585,23.9773,19.4353
27.09.2000,22.3870,24.0662,20.0165,25.2040,24.9837,25.6397,16.3889,24.1379,19.5617
28.09.2000,21.9375,23.7839,19.8125,25.3386,25.0731,25.2412,16.5289,24.2537,19.5117
29.09.2000,23.3527,23.2676,23.4261,25.0381,24.9293,24.9978,16.6144,23.8580,19.6356
02.10.2000,23.5058,23.5992,23.4589,25.1456,24.7875,25.0564,16.5708,23.8584,19.7336
03.10.2000,23.2025,23.3365,23.1463,24.8947,24.6227,24.9435,18.7735,23.6593,19.8106
04.10.2000,23.5726,24.3469,23.2965,24.9053,24.8657,25.0596,21.1085,23.6098,19.7180
05.10.2000,23.1713,23.2008,23.1627,24.6820,24.7254,24.8525,20.5487,23.8197,19.7287
06.10.2000,23.2280,24.0505,23.0270,24.8344,25.0166,25.1595,20.7636,24.1401,19.5918
09.10.2000,25.2841,28.6973,24.8181,26.8586,26.2365,25.7595,21.3435,24.6402,19.5997
10.10.2000,25.6899,28.7734,25.3631,26.7120,26.3532,25.6765,21.2335,24.5101,19.6077
11.10.2000,27.7018,32.6526,27.2885,29.5386,28.2327,27.3768,21.5365,25.9304,19.8041
12.10.2000,27.6395,32.9768,27.3074,30.2410,27.9584,27.5833,22.1755,25.8397,20.1302
13.10.2000,28.6457,34.4976,28.3866,30.5451,28.7080,27.4717,22.4955,26.2086,20.3110
16.10.2000,27.4471,34.0374,27.3879,29.1598,27.9962,27.2638,22.5405,26.0872,20.6519
17.10.2000,26.9909,31.2455,26.9792,29.1364,27.8796,26.9985,22.4680,26.1756,20.5845
18.10.2000,29.8545,39.5924,29.8553,29.8037,28.7718,28.1430,22.3358,26.3822,20.2561
19.10.2000,27.5447,NA,27.5453,27.5375,27.1442,26.3008,22.3313,25.3511,21.3789
20.10.2000,26.4015,NA,26.2618,27.1916,26.3777,26.2281,22.0436,25.0986,21.4281
23.10.2000,26.5041,26.4662,26.5814,13.2555,26.1514,25.9305,22.0963,24.8616,21.5377
24.10.2000,25.6512,25.7729,25.4546,25.9924,25.6791,25.4925,22.0067,24.5904,21.6611
25.10.2000,26.7632,27.0090,26.4432,26.1361,26.2870,25.9574,21.9920,25.0251,21.4979
26.10.2000,27.3998,27.8597,26.9080,26.5383,26.4479,25.9501,22.1557,25.1098,21.4633
27.10.2000,26.3201,26.5820,26.0912,26.5876,25.9965,25.7502,21.9690,24.5829,21.2768
30.10.2000,26.4888,26.7721,26.3458,26.0749,25.5681,26.7204,21.7930,24.6649,21.3792
31.10.2000,25.3007,25.2531,25.3206,24.8817,25.2647,26.3640,21.8119,24.4550,21.5052
01.11.2000,24.8817,24.7896,24.9137,24.3267,25.2459,25.3229,21.4934,24.2592,21.5038
02.11.2000,24.4974,23.9677,24.6486,24.0635,25.0279,25.2200,21.4017,23.8875,21.1379
03.11.2000,23.5439,22.8985,23.6956,23.5472,24.4886,24.7548,21.4381,23.6051,21.1358
06.11.2000,24.1530,23.6862,24.2115,24.0199,24.5114,24.7028,21.3749,23.9796,20.8658
07.11.2000,24.3339,24.3151,24.3358,24.1445,24.5116,24.5971,21.3603,23.8663,21.0072
08.11.2000,24.2379,24.9066,24.1862,24.0617,24.5496,24.5718,21.3835,23.9243,23.4115
09.11.2000,24.2536,24.1516,24.2593,24.2061,24.5661,24.7077,21.4440,24.1480,23.6221
10.11.2000,25.5209,26.7490,25.4706,24.9646,25.2985,25.1992,21.6544,24.4467,23.7343
13.11.2000,28.0549,35.7730,27.9845,26.2906,26.4357,26.0796,21.6652,24.7946,23.9555
14.11.2000,25.5800,31.1908,25.5641,24.6107,24.9003,24.9162,21.5406,24.1847,23.7157
15.11.2000,25.1041,29.9963,25.1136,24.4353,24.9650,24.7385,21.5587,24.0676,23.6428
16.11.2000,24.9593,NA,24.9908,24.5653,24.8585,24.9394,21.6407,24.1683,23.6392
17.11.2000,24.8839,NA,24.9322,24.5679,24.7755,24.8762,21.4724,24.2197,23.7221
20.11.2000,26.3919,26.7370,25.5594,12.9781,25.4589,25.4272,21.6026,24.5367,23.9994
21.11.2000,25.5011,25.8557,24.8252,21.7875,25.1541,25.2661,21.7093,24.4108,23.9218
22.11.2000,26.9424,27.5761,25.9533,21.9081,26.1665,26.0438,21.7006,24.8198,24.1690
23.11.2000,26.1599,26.7397,25.4179,21.9362,25.5149,25.5129,21.7097,24.6247,24.0559
24.11.2000,25.3792,25.9249,24.7990,21.8786,25.1034,25.1727,23.8898,24.3656,23.8865
27.11.2000,25.9746,27.5615,24.9281,22.1338,25.2639,25.3961,24.0390,24.5193,24.1336
28.11.2000,26.2554,27.7292,25.4349,22.3044,25.5835,25.5339,24.4033,24.8028,24.2742
29.11.2000,26.2020,27.5936,25.5460,22.3343,25.8965,25.6748,24.4216,24.9647,24.3793
30.11.2000,28.3822,31.2737,27.1862,22.8170,27.3692,26.6541,24.9922,25.6217,24.7578
01.12.2000,27.2654,29.7701,26.3960,22.7541,26.3767,26.2047,24.6862,25.0853,24.4397
04.12.2000,28.1715,31.4434,27.4953,22.6442,27.3095,26.6646,24.9359,25.3852,24.6984
05.12.2000,26.1682,29.4216,25.6116,22.9985,26.1879,25.8440,24.4554,24.9165,24.3244
06.12.2000,25.6741,28.3754,25.3018,23.3421,26.2407,25.8653,24.4936,24.8778,24.3081
07.12.2000,25.8519,29.2455,25.4717,23.4630,26.3954,25.9230,24.4516,24.9327,24.5435
08.12.2000,25.4143,27.5884,25.2274,23.1763,26.2119,26.0884,24.6090,24.9959,24.3948
11.12.2000,24.7145,29.2426,24.5532,23.2284,25.8355,25.6925,24.4134,24.7537,24.4600
12.12.2000,24.2173,30.0743,24.0794,22.8601,25.4277,25.5444,24.3070,24.7394,24.2409
13.12.2000,23.8414,32.4991,23.7229,22.6297,25.2622,25.5164,24.3152,24.7978,24.2154
14.12.2000,24.9575,NA,24.1652,22.2515,25.5702,25.8242,24.4876,24.9268,24.3233
15.12.2000,25.5995,NA,24.6823,21.9059,25.9939,26.1617,24.6814,25.1904,24.4975
18.12.2000,24.4511,24.1703,21.8144,25.7122,25.9981,24.6477,25.1306,24.4639,15.2250
19.12.2000,24.3914,24.3012,22.5642,25.2596,25.6017,24.3949,24.8328,24.2327,14.9148
20.12.2000,27.2206,27.2982,21.8370,27.1724,26.9216,25.1232,25.5688,24.5941,15.4125
21.12.2000,27.9824,28.0719,26.9749,27.6533,27.2087,25.2404,25.6720,24.6490,16.7706
22.12.2000,27.4624,27.5682,26.8454,27.3813,27.0820,25.0975,25.5476,24.5548,16.6222
27.12.2000,27.0300,27.2230,26.7793,27.0799,26.7366,24.9788,25.3731,24.4233,16.4078
28.12.2000,26.7269,26.9868,26.4510,26.9440,26.6861,24.8083,25.4227,24.3420,16.2990
29.12.2000,26.2264,26.2456,26.2097,26.8388,26.8023,24.9170,25.7653,24.1407,16.6043
02.01.2001,27.7303,28.7116,27.3094,27.8889,27.4519,25.2643,25.8731,24.8202,16.8514
03.01.2001,28.6179,30.1668,28.0577,28.5344,27.9412,25.5778,26.1142,25.1450,17.0757
04.01.2001,26.9197,28.1549,26.5513,26.8373,27.0362,25.2664,25.6881,24.9161,16.6934
05.01.2001,26.5915,27.2308,26.4363,26.8317,27.3443,25.4247,25.8052,24.9189,16.8960
08.01.2001,27.2654,29.3731,26.9866,27.3237,26.9400,25.1700,25.4143,24.7729,16.7748
09.01.2001,27.0958,29.3006,26.8668,27.1075,26.9664,25.1815,25.6367,24.7076,16.8722
10.01.2001,26.4681,28.2225,26.3298,26.7504,26.4341,25.1857,25.3375,24.6468,16.9739
11.01.2001,24.8400,26.3129,24.7543,25.6915,25.5318,24.4647,25.0981,24.2848,16.7907
12.01.2001,23.6527,23.3952,23.6630,24.2366,24.9579,23.9023,24.3781,24.0303,16.5345
15.01.2001,23.7621,26.5390,23.7385,24.0646,24.7454,23.9910,24.5295,24.1738,16.5267
16.01.2001,24.1272,29.5815,24.1117,24.5125,25.0162,24.0034,24.4374,23.8946,16.6821
17.01.2001,23.4431,29.2446,23.4373,23.8007,24.5051,23.8172,24.1124,23.6506,22.7747
18.01.2001,23.2996,NA,23.2508,23.8323,24.6128,23.8428,24.1956,23.5830,22.8141
19.01.2001,22.7919,NA,22.7335,23.1249,23.8914,23.7887,24.1989,23.7320,23.0305
22.01.2001,23.3179,23.3460,23.2602,12.3930,23.7286,23.7215,23.6969,23.4568,22.8507
23.01.2001,23.1033,22.9198,23.3948,21.2806,24.2429,23.7000,24.2756,23.9102,23.0730
24.01.2001,22.4584,22.1956,22.7925,20.9650,23.7021,23.1864,23.5861,23.1432,22.4527
25.01.2001,22.0112,21.7280,22.3049,20.6544,23.3708,22.9919,23.4313,23.1143,22.3930
26.01.2001,21.9228,21.6189,22.1828,20.5728,23.2265,23.0465,23.3739,22.9610,22.2956
29.01.2001,22.0578,22.0974,22.0379,20.8173,23.2730,22.8507,23.3174,23.0356,22.2692
30.01.2001,22.5248,22.9201,22.3574,20.7093,23.0768,22.7507,23.2704,22.9407,22.1983
31.01.2001,22.2534,22.5959,22.1327,20.4436,22.8053,22.6314,23.1229,22.8574,22.1196
01.02.2001,21.7483,22.0544,21.6589,20.3567,22.8511,22.7084,23.0542,22.7557,21.9801
02.02.2001,21.1674,21.5870,21.0659,19.9667,22.6675,22.3586,22.7454,22.5389,21.9140
05.02.2001,21.5250,21.6143,21.5137,20.0717,22.4842,22.2382,22.7567,22.5590,21.8823
06.02.2001,20.5066,20.2548,20.5314,19.6833,21.6226,21.6863,22.3243,22.1553,21.5593
07.02.2001,20.7801,20.6688,20.7886,19.6244,21.8956,21.4703,22.5059,22.2698,21.6867
08.02.2001,20.1604,19.6048,20.1913,19.4114,21.5057,21.4887,22.1848,21.9837,21.4038
09.02.2001,20.3934,19.2989,20.4360,19.1137,21.5715,21.6562,22.1910,21.7670,21.3433
12.02.2001,19.6955,21.4270,19.6810,19.0873,20.9695,21.0400,21.6211,21.4782,21.0475
13.02.2001,19.8939,22.0900,19.8880,19.0066,21.0204,21.1776,21.7079,21.2946,20.9997
14.02.2001,21.0316,28.4605,21.0523,19.5363,21.9748,21.4492,22.0280,21.9198,21.4330
15.02.2001,19.6685,NA,19.7181,19.0434,21.0806,21.1626,21.6665,21.5736,21.2615
16.02.2001,21.0099,NA,21.2247,19.5555,22.0380,21.6207,22.1431,21.9885,21.4805
19.02.2001,21.2961,21.9004,19.7975,12.4870,22.2638,21.8951,22.3116,22.1449,21.5694
20.02.2001,21.4465,22.2713,19.8138,16.0866,22.3454,21.9748,22.4154,22.1809,21.6046
21.02.2001,22.6497,24.1111,20.2370,15.5711,23.6139,22.6750,23.1786,22.6813,22.1526
22.02.2001,23.9595,24.8314,22.8252,22.3545,24.0242,22.4933,23.2034,22.7510,22.2618
23.02.2001,23.8147,24.8448,22.6939,22.4037,24.2382,22.5051,23.1018,22.5569,22.1113
26.02.2001,23.7364,24.9370,22.9516,22.3911,23.9849,22.4702,23.0064,22.5487,22.0453
27.02.2001,22.9086,24.1122,22.2404,21.9385,23.5808,22.2511,22.9517,22.2906,21.8735
28.02.2001,23.3123,25.1044,22.4526,22.0151,23.6840,22.1222,22.9697,22.4181,21.9484
01.03.2001,23.3797,25.5318,22.4957,22.0572,23.6482,22.1569,22.9576,22.3719,21.8987
02.03.2001,22.8025,24.4161,22.2503,21.8079,23.4360,22.0587,22.8364,22.3425,21.7975
05.03.2001,22.2056,23.7246,21.9003,21.7664,22.9536,21.9790,22.7282,22.3111,21.8957
06.03.2001,20.8770,21.3870,20.7946,20.6781,21.8523,21.4783,22.1968,21.8190,21.5295
07.03.2001,20.7941,21.6742,20.6770,20.7428,21.8799,21.4676,22.0558,21.8001,21.4878
08.03.2001,20.5669,22.2024,20.3887,20.4714,21.7414,21.2124,21.9697,21.7173,21.4246
09.03.2001,21.1372,23.3920,20.9412,20.9436,22.2780,21.4028,22.2474,21.8853,21.5186
12.03.2001,23.4681,32.0388,23.1361,22.2563,23.5405,21.8786,22.7389,22.2918,21.8627
13.03.2001,24.1972,36.7129,23.8652,22.9511,24.4618,22.3371,23.1748,22.5611,22.0876
14.03.2001,27.1949,50.2696,26.8126,24.9993,27.2838,23.6442,24.6532,23.6854,22.6128
15.03.2001,27.2113,NA,26.6254,25.2370,26.6635,24.8018,23.8193,23.4967,22.7941
16.03.2001,27.7080,NA,27.1977,25.7124,26.9057,25.0912,23.9747,23.0778,22.4740
19.03.2001,28.2499,27.9918,25.8520,27.0689,25.1019,24.3345,14.3373,23.3450,22.7577
20.03.2001,27.7236,27.6236,25.6994,26.8860,24.9250,24.0439,14.1175,23.3139,22.6543
21.03.2001,28.3524,28.3867,26.1169,27.6867,25.2022,24.3580,22.0698,23.2231,22.6396
22.03.2001,30.5634,30.8555,27.1312,30.4800,26.4163,25.0708,22.6189,23.6322,22.8574
23.03.2001,31.4410,31.7505,29.5961,28.9306,25.8390,24.8023,22.4719,23.6024,22.9149
26.03.2001,28.7891,29.3553,27.5957,27.3975,25.1241,24.2728,22.1116,23.3459,22.7500
27.03.2001,27.0792,27.2897,26.7378,26.6122,25.0574,24.3461,21.8779,23.3892,22.8558
28.03.2001,29.6507,30.4914,28.5309,27.8052,25.4837,24.5296,22.1587,23.6125,22.8462
29.03.2001,30.1767,31.0643,29.2148,28.3682,25.8589,24.8870,22.5091,23.7610,23.0080
30.03.2001,29.8427,30.8948,28.9004,28.3960,25.8693,24.6481,22.3104,23.6054,23.1781
02.04.2001,29.5547,30.8558,28.8813,28.2965,25.8504,25.3399,22.2066,23.8383,23.0895
03.04.2001,33.0777,36.0682,31.7434,30.4427,26.6891,26.2147,22.8214,23.9175,23.1713
04.04.2001,32.6021,35.2706,31.6187,30.2676,26.7814,26.2769,22.9408,24.1215,23.3102
05.04.2001,30.5196,32.2700,29.9937,28.8932,26.1395,25.9355,22.7537,24.0122,23.2199
06.04.2001,29.7427,31.2954,29.3593,28.4573,25.9162,25.6435,22.5497,23.8495,23.0941
09.04.2001,28.7019,30.5752,28.4557,27.8486,25.5524,25.4101,22.3755,23.8085,22.9173
10.04.2001,26.5210,27.3619,26.4360,26.1226,24.8458,24.7916,21.8854,23.5015,22.9179
11.04.2001,25.3539,25.3124,25.3570,25.5562,24.6084,24.5250,21.5468,23.4962,22.9606
12.04.2001,25.1553,23.7361,25.2330,25.3061,24.6541,24.6721,21.6339,23.4655,22.9997
17.04.2001,27.7887,35.5705,27.7661,26.9640,25.4454,25.2178,22.1363,23.7795,23.1531
18.04.2001,25.1814,34.8914,25.1838,25.0319,24.4313,24.4910,21.1407,23.4704,23.0447
19.04.2001,26.1885,NA,26.2308,25.7173,24.5897,24.5155,23.0456,23.4018,23.0685
20.04.2001,26.5200,NA,26.6775,25.5946,24.5195,24.3890,22.7687,23.3009,22.8260
23.04.2001,26.9862,27.2835,26.3681,13.4475,24.7060,24.6630,22.8021,23.3552,22.8419
24.04.2001,25.7069,25.9484,25.3146,14.6004,24.3270,24.1206,22.4477,23.0510,22.6211
25.04.2001,24.9580,25.2312,24.6014,23.6117,23.9120,23.8839,22.3524,22.9749,22.3862
26.04.2001,22.9708,22.9039,23.0410,22.5230,23.2028,23.0309,21.7360,22.4775,21.9072
27.04.2001,20.9765,20.2841,21.5582,21.2299,22.0268,22.4265,21.2962,21.9234,21.6393
30.04.2001,21.2096,21.1535,21.2376,21.4971,22.1245,22.4476,21.3446,21.9936,21.7040
02.05.2001,21.7019,22.2633,21.5027,21.6884,22.2428,22.5535,21.4488,22.0494,21.7436
03.05.2001,22.9237,23.8380,22.6520,22.3621,22.7730,23.0341,21.7933,22.2405,21.8874
04.05.2001,22.9020,23.9168,22.6526,22.3888,22.7566,22.9779,21.7109,22.2252,21.8841
07.05.2001,22.5204,24.4674,22.2616,22.1235,22.4598,22.6906,21.5306,22.1285,21.8031
08.05.2001,22.4120,23.7261,22.2771,22.0148,22.4205,22.7008,21.4060,22.0647,21.7842
09.05.2001,22.6700,24.7699,22.5022,22.2266,22.6186,22.8362,21.5724,22.2113,21.8455
10.05.2001,21.2014,22.4760,21.1272,21.2017,21.8566,22.1197,21.1809,21.9333,21.7489
11.05.2001,21.0013,21.6211,20.9762,21.2857,21.8403,22.2338,21.2677,21.8824,21.6658
14.05.2001,22.2907,25.5699,22.2625,21.8279,22.2240,22.4519,21.4292,22.0081,21.7297
15.05.2001,21.6761,27.9879,21.6577,21.7065,22.1340,22.4027,21.3295,21.9214,21.7118
16.05.2001,21.8261,28.0276,21.8260,21.8305,22.2327,22.4983,21.3907,21.9629,21.7350
17.05.2001,21.1251,NA,21.1056,21.3652,21.8370,22.2371,21.2451,21.8781,21.7117
18.05.2001,20.6796,NA,20.6437,20.9116,21.4813,21.9910,21.1114,21.8546,21.6774
21.05.2001,20.6196,20.5286,20.8327,12.2334,21.3791,21.9450,20.9842,21.8245,21.6561
22.05.2001,20.0028,19.8262,20.3287,19.3552,21.1855,21.7269,20.7221,21.7389,21.5176
23.05.2001,20.0701,19.7228,20.5846,19.4520,21.2783,21.8775,21.3133,21.7159,21.5468
24.05.2001,19.5906,19.2191,20.0444,19.1539,20.9799,21.7255,21.2653,21.6819,21.5341
25.05.2001,19.5156,19.1090,19.9297,19.1431,21.0280,21.7374,21.2612,21.6880,21.5504
28.05.2001,19.7229,19.3160,19.9738,19.2022,21.1781,21.7603,21.2338,21.7161,21.5345
29.05.2001,20.4677,20.5839,20.4055,19.5043,21.3319,21.9790,21.5025,21.8702,21.6737
30.05.2001,21.5401,21.9198,21.3657,19.9513,21.9760,22.4438,21.6818,22.0215,21.7784
31.05.2001,21.3324,21.9319,21.0969,19.8517,21.8331,22.3492,21.6713,22.0421,21.8162
01.06.2001,20.9758,21.0100,20.9646,19.7660,21.7883,22.6233,21.5417,22.0520,21.8278
04.06.2001,20.6748,21.3476,20.5424,19.6735,21.5657,22.3581,21.4397,21.9590,21.7752
05.06.2001,19.8599,19.7050,19.8845,19.3453,21.1306,22.0039,21.3658,21.9120,21.7390
06.06.2001,19.9585,20.3403,19.9083,19.2083,21.2097,22.1097,21.4450,21.9783,21.8043
07.06.2001,19.9685,20.4539,19.9172,19.3239,21.2328,22.0375,21.4837,22.0001,21.8079
08.06.2001,19.0088,18.9241,19.0158,18.8822,20.6805,21.5281,21.2472,21.7676,21.6771
11.06.2001,19.5960,22.1915,19.5058,18.9568,20.7093,21.5840,21.1916,21.5684,21.3714
12.06.2001,21.9501,29.5074,21.7639,19.7529,22.1857,22.6021,21.6947,21.9286,21.5854
13.06.2001,21.3075,27.2843,21.2286,19.5433,21.6507,22.1222,21.4822,21.7718,21.5118
14.06.2001,23.6198,NA,22.6302,20.1905,22.7202,22.9882,22.0174,22.3654,22.0832
15.06.2001,24.2691,NA,23.2872,20.2810,23.2775,23.3923,22.2691,22.4986,22.0348
18.06.2001,24.4264,24.3397,23.6404,23.9749,23.9254,22.5253,22.7348,22.1620,15.6274
19.06.2001,22.8877,22.8719,22.5763,23.0726,23.2255,22.1076,22.3737,21.9676,15.5231
20.06.2001,23.0830,23.0898,22.6537,23.1167,23.3091,22.1286,22.4265,21.9651,20.5903
21.06.2001,22.2517,22.2626,22.1311,22.7580,23.0658,21.9608,22.2391,21.8484,21.2244
22.06.2001,20.9377,20.8684,21.3325,22.1327,22.6039,21.6325,21.9633,21.6323,21.0226
25.06.2001,21.4135,21.3552,21.5322,22.0661,22.5079,21.6605,21.9939,21.4825,20.9974
26.06.2001,23.5298,23.7901,23.1059,23.5438,23.6835,22.2649,22.5145,22.0735,21.1740
27.06.2001,23.1896,23.3409,22.9931,23.3826,23.5528,22.1664,22.4702,22.0642,21.3055
28.06.2001,21.7453,21.6005,21.8964,22.5757,22.9412,21.6511,22.2246,21.7420,21.1789
29.06.2001,20.3374,19.7714,20.8153,21.4252,21.9418,21.7448,21.8118,21.6896,21.1334
02.07.2001,19.6287,19.5008,19.6924,20.8638,21.6672,21.5459,21.5262,21.4993,20.9534
03.07.2001,20.4274,20.2649,20.4950,21.1221,21.8593,21.7039,21.8075,21.3075,21.1793
04.07.2001,20.5635,20.5446,20.5701,21.2610,21.9217,21.7077,21.7055,21.4057,20.8990
05.07.2001,20.9835,21.2428,20.9078,21.6083,22.1170,21.8690,21.7914,21.3909,20.9036
06.07.2001,24.7200,27.8049,23.9234,24.0969,23.6466,22.7997,22.3310,21.7436,21.0687
09.07.2001,25.3517,29.4167,24.7891,24.4497,24.0496,23.0178,22.6316,21.7710,21.1685
10.07.2001,25.0002,29.0757,24.5583,24.7870,24.2253,23.1514,22.4004,21.9054,21.2278
11.07.2001,27.7726,33.3713,27.2997,26.9920,25.8461,24.2438,23.0988,22.2416,21.4776
12.07.2001,25.0319,28.9338,24.7936,24.5361,23.9778,23.0897,22.4667,22.0143,21.3711
13.07.2001,24.4581,27.4243,24.3320,24.3525,24.3671,24.1902,24.1012,22.7715,22.2482
16.07.2001,25.5613,31.3061,25.5100,25.2995,24.8082,24.5298,24.2261,22.7669,22.1402
17.07.2001,26.1614,34.3426,26.1373,25.8647,25.0923,24.7719,24.5052,22.8196,22.2512
18.07.2001,28.3975,37.1922,28.4126,27.3191,26.1639,25.6106,25.2085,23.1543,22.4639
19.07.2001,26.0746,NA,26.1018,25.7353,25.0927,24.9417,24.7603,22.9678,22.3890
20.07.2001,26.1025,NA,26.1186,25.9977,25.2456,24.9523,24.6496,22.9123,22.3733
23.07.2001,25.7157,25.7396,25.6593,14.2853,25.1144,24.7250,24.5404,22.8796,22.3818
24.07.2001,26.3884,26.5138,26.1524,15.5408,25.4149,24.9278,24.5762,22.9073,22.3187
25.07.2001,28.0986,28.5751,27.3613,15.1217,26.2270,25.6021,25.0695,23.0637,22.4016
26.07.2001,26.9082,27.0296,26.7561,25.8621,25.9557,25.2220,24.9867,23.0469,22.3951
27.07.2001,24.9231,24.9892,24.8543,24.3680,24.7416,24.5855,24.3526,22.9040,22.3627
30.07.2001,23.5668,23.3633,23.6935,23.3846,23.7973,23.8699,23.8109,22.6690,22.2376
31.07.2001,22.3067,22.0217,22.4571,22.6538,23.0540,23.2832,23.4157,22.2812,22.0501
01.08.2001,21.7247,21.3510,21.8920,21.9803,22.6168,22.9325,23.0555,22.1789,21.8562
02.08.2001,22.0580,21.9726,22.0908,21.9210,22.4737,22.8257,23.0639,23.9506,24.1457
03.08.2001,22.8639,22.8152,22.8798,22.4485,22.9517,23.1077,23.3618,23.8100,23.8603
06.08.2001,22.8967,23.0696,22.8631,22.4209,22.9151,23.0511,23.3056,23.8891,23.9442
07.08.2001,22.7948,23.6434,22.6567,22.2531,22.8631,22.9680,23.1717,23.6969,23.8369
08.08.2001,23.4650,24.5217,23.3241,22.6805,23.0408,22.9908,23.4227,23.9784,23.9790
09.08.2001,25.9944,29.5699,25.5924,23.9918,24.3910,23.7191,23.9735,24.2733,24.2186
10.08.2001,25.7905,27.8241,25.6163,24.0141,24.4611,23.9948,23.8643,24.3946,24.3674
13.08.2001,25.2422,30.4302,25.0554,23.8807,24.0808,23.8146,23.9391,24.2250,24.1491
14.08.2001,24.0900,28.4858,23.9894,23.3128,23.7038,23.4840,23.6549,24.0152,24.1038
15.08.2001,24.2376,29.9443,24.1638,23.7360,24.0350,23.6568,23.8580,24.2320,24.1874
16.08.2001,25.9489,NA,25.5792,24.7145,24.8682,24.3234,24.1886,24.1775,24.4407
17.08.2001,28.9581,NA,28.3098,26.4065,25.8614,25.1178,24.9170,24.3171,24.6876
20.08.2001,28.6790,28.4126,26.2023,15.1916,25.9799,25.0348,24.7877,24.8754,24.7125
21.08.2001,26.7663,26.6943,25.3227,14.6047,25.2538,24.5220,24.5747,24.6038,24.4763
22.08.2001,26.9350,26.9531,25.7828,23.5765,25.6180,24.6407,24.4400,24.6364,24.4805
23.08.2001,25.2731,25.3092,24.8716,23.1201,24.8210,24.0152,24.0627,24.4253,24.3244
24.08.2001,24.1168,24.1459,23.9489,22.4056,24.0203,23.4533,23.6139,23.9243,24.0021
27.08.2001,24.9203,25.1722,24.3974,22.7569,24.4934,23.7591,23.8508,23.7821,24.0658
28.08.2001,26.2642,26.5290,25.8337,23.9376,25.4165,24.5125,24.3045,24.4273,24.4100
29.08.2001,26.2533,26.6459,25.7386,23.9707,25.5162,24.5231,24.4935,24.6151,24.3301
30.08.2001,27.7022,28.6199,26.7039,23.8204,26.0744,25.2245,25.0515,25.2622,24.9860
31.08.2001,27.4855,28.2451,26.8101,24.0794,26.4534,25.3984,25.1040,25.2800,24.9638
03.09.2001,28.8168,30.3094,28.0396,24.6791,27.1408,25.8631,25.4854,25.6520,25.2719
04.09.2001,28.6014,29.6004,28.1730,24.6344,26.9101,25.7472,25.4535,25.5571,25.2790
05.09.2001,29.9404,31.2571,29.4674,24.6201,27.7470,26.2008,25.8177,25.8614,25.4823
06.09.2001,31.6444,34.1303,30.8871,24.0334,28.5571,26.9926,26.5483,26.3211,25.8544
07.09.2001,33.0768,36.1291,32.3042,22.4175,29.5121,27.6594,27.0679,26.9749,26.3238
10.09.2001,34.9939,41.5944,34.0664,29.8778,30.5289,28.4066,27.5849,26.8234,26.5472
11.09.2001,54.1660,76.0493,51.4859,38.1930,42.0245,38.5397,37.7166,36.1503,35.0964
12.09.2001,46.6506,56.6367,45.8018,40.7564,37.4885,34.7057,32.2149,30.0336,28.6384
13.09.2001,40.9143,49.7989,40.3550,36.7621,34.3088,32.7431,30.7949,28.5923,27.9455
14.09.2001,50.8244,69.1827,49.9501,44.3782,41.1610,36.7471,34.6064,32.2028,30.4816
17.09.2001,45.6318,67.6264,45.4126,40.9802,37.1527,34.9504,32.6418,30.5156,29.3036
18.09.2001,46.8572,65.1001,46.8016,42.4619,38.4063,35.2455,32.9274,30.6353,28.9957
19.09.2001,46.6682,6